O 500.132350
-18000000
-17937500
-17875000
-17812500
-17750000
-17687500
-17625000
-17562500
-17500000
-17437500
-17375000
-17312500
-17250000
-17187500
-17125000
-17062500
-17000000
-16937500
-16875000
-16812500
-16750000
-16687500
-16625000
-16562500
-16500000
-16437500
-16375000
-16312500
-16250000
-16187500
-16125000
-16062500
-16000000
-15937500
-15875000
-15812500
-15750000
-15687500
-15625000
-15562500
-15500000
-15437500
-15375000
-15312500
-15250000
-15187500
-15125000
-15062500
-15000000
-14937500
-14875000
-14812500
-14750000
-14687500
-14625000
-14562500
-14500000
-14437500
-14375000
-14312500
-14250000
-14187500
-14125000
-14062500
-14000000
-13937500
-13875000
-13812500
-13750000
-13687500
-13625000
-13562500
-13500000
-13437500
-13375000
-13312500
-13250000
-13187500
-13125000
-13062500
-13000000
-12937500
-12875000
-12812500
-12750000
-12687500
-12625000
-12562500
-12500000
-12437500
-12375000
-12312500
-12250000
-12187500
-12125000
-12062500
-12000000
-11937500
-11875000
-11812500
-11750000
-11687500
-11625000
-11562500
-11500000
-11437500
-11375000
-11312500
-11250000
-11187500
-11125000
-11062500
-11000000
-10937500
-10875000
-10812500
-10750000
-10687500
-10625000
-10562500
-10500000
-10437500
-10375000
-10312500
-10250000
-10187500
-10125000
-10062500
-10000000
-9937500
-9875000
-9812500
-9750000
-9687500
-9625000
-9562500
-9500000
-9437500
-9375000
-9312500
-9250000
-9187500
-9125000
-9062500
-9000000
-8937500
-8875000
-8812500
-8750000
-8687500
-8625000
-8562500
-8500000
-8437500
-8375000
-8312500
-8250000
-8187500
-8125000
-8062500
-8000000
-7937500
-7875000
-7812500
-7750000
-7687500
-7625000
-7562500
-7500000
-7437500
-7375000
-7312500
-7250000
-7187500
-7125000
-7062500
-7000000
-6937500
-6875000
-6812500
-6750000
-6687500
-6625000
-6562500
-6500000
-6437500
-6375000
-6312500
-6250000
-6187500
-6125000
-6062500
-6000000
-5937500
-5875000
-5812500
-5750000
-5687500
-5625000
-5562500
-5500000
-5437500
-5375000
-5312500
-5250000
-5187500
-5125000
-5062500
-5000000
-4937500
-4875000
-4812500
-4750000
-4687500
-4625000
-4562500
-4500000
-4437500
-4375000
-4312500
-4250000
-4187500
-4125000
-4062500
-4000000
-3937500
-3875000
-3812500
-3750000
-3687500
-3625000
-3562500
-3500000
-3437500
-3375000
-3312500
-3250000
-3187500
-3125000
-3062500
-3000000
-2937500
-2875000
-2812500
-2750000
-2687500
-2625000
-2562500
-2500000
-2437500
-2375000
-2312500
-2250000
-2187500
-2125000
-2062500
-2000000
-1992172
-1984344
-1976517
-1968689
-1960861
-1953033
-1945205
-1937378
-1929550
-1921722
-1913894
-1906067
-1898239
-1890411
-1882583
-1874755
-1866928
-1859100
-1851272
-1843444
-1835616
-1827789
-1819961
-1812133
-1804305
-1796477
-1788650
-1780822
-1772994
-1765166
-1757339
-1749511
-1741683
-1733855
-1726027
-1718200
-1710372
-1702544
-1694716
-1686888
-1679061
-1671233
-1663405
-1655577
-1647750
-1639922
-1632094
-1624266
-1616438
-1608611
-1600783
-1592955
-1585127
-1577299
-1569472
-1561644
-1553816
-1545988
-1538160
-1530333
-1522505
-1514677
-1506849
-1499022
-1491194
-1483366
-1475538
-1467710
-1459883
-1452055
-1444227
-1436399
-1428571
-1420744
-1412916
-1405088
-1397260
-1389432
-1381605
-1373777
-1365949
-1358121
-1350294
-1342466
-1334638
-1326810
-1318982
-1311155
-1303327
-1295499
-1287671
-1279843
-1272016
-1264188
-1256360
-1248532
-1240705
-1232877
-1225049
-1217221
-1209393
-1201566
-1193738
-1185910
-1178082
-1170254
-1162427
-1154599
-1146771
-1138943
-1131115
-1123288
-1115460
-1107632
-1099804
-1091977
-1084149
-1076321
-1068493
-1060665
-1052838
-1045010
-1037182
-1029354
-1021526
-1013699
-1005871
 -998043
 -990215
 -982387
 -974560
 -966732
 -958904
 -951076
 -943249
 -935421
 -927593
 -919765
 -911937
 -904110
 -896282
 -888454
 -880626
 -872798
 -864971
 -857143
 -849315
 -841487
 -833659
 -825832
 -818004
 -810176
 -802348
 -794521
 -786693
 -778865
 -771037
 -763209
 -755382
 -747554
 -739726
 -731898
 -724070
 -716243
 -708415
 -700587
 -692759
 -684932
 -677104
 -669276
 -661448
 -653620
 -645793
 -637965
 -630137
 -622309
 -614481
 -606654
 -598826
 -590998
 -583170
 -575342
 -567515
 -559687
 -551859
 -544031
 -536204
 -528376
 -520548
 -512720
 -504892
 -497065
 -489237
 -481409
 -473581
 -465753
 -457926
 -450098
 -442270
 -434442
 -426614
 -418787
 -410959
 -403131
 -395303
 -387476
 -379648
 -371820
 -363992
 -356164
 -348337
 -340509
 -332681
 -324853
 -317025
 -309198
 -301370
 -293542
 -285714
 -277886
 -270059
 -262231
 -254403
 -246575
 -238748
 -230920
 -223092
 -215264
 -207436
 -199609
 -191781
 -183953
 -176125
 -168297
 -160470
 -152642
 -144814
 -136986
 -129159
 -121331
 -113503
 -105675
  -97847
  -90020
  -82192
  -74364
  -66536
  -58708
  -50881
  -43053
  -35225
  -27397
  -19569
  -11742
   -3914
    3914
   11742
   19569
   27397
   35225
   43053
   50881
   58708
   66536
   74364
   82192
   90020
   97847
  105675
  113503
  121331
  129159
  136986
  144814
  152642
  160470
  168297
  176125
  183953
  191781
  199609
  207436
  215264
  223092
  230920
  238748
  246575
  254403
  262231
  270059
  277886
  285714
  293542
  301370
  309198
  317025
  324853
  332681
  340509
  348337
  356164
  363992
  371820
  379648
  387476
  395303
  403131
  410959
  418787
  426614
  434442
  442270
  450098
  457926
  465753
  473581
  481409
  489237
  497065
  504892
  512720
  520548
  528376
  536204
  544031
  551859
  559687
  567515
  575342
  583170
  590998
  598826
  606654
  614481
  622309
  630137
  637965
  645793
  653620
  661448
  669276
  677104
  684932
  692759
  700587
  708415
  716243
  724070
  731898
  739726
  747554
  755382
  763209
  771037
  778865
  786693
  794521
  802348
  810176
  818004
  825832
  833659
  841487
  849315
  857143
  864971
  872798
  880626
  888454
  896282
  904110
  911937
  919765
  927593
  935421
  943249
  951076
  958904
  966732
  974560
  982387
  990215
  998043
 1005871
 1013699
 1021526
 1029354
 1037182
 1045010
 1052838
 1060665
 1068493
 1076321
 1084149
 1091977
 1099804
 1107632
 1115460
 1123288
 1131115
 1138943
 1146771
 1154599
 1162427
 1170254
 1178082
 1185910
 1193738
 1201566
 1209393
 1217221
 1225049
 1232877
 1240705
 1248532
 1256360
 1264188
 1272016
 1279843
 1287671
 1295499
 1303327
 1311155
 1318982
 1326810
 1334638
 1342466
 1350294
 1358121
 1365949
 1373777
 1381605
 1389432
 1397260
 1405088
 1412916
 1420744
 1428571
 1436399
 1444227
 1452055
 1459883
 1467710
 1475538
 1483366
 1491194
 1499022
 1506849
 1514677
 1522505
 1530333
 1538160
 1545988
 1553816
 1561644
 1569472
 1577299
 1585127
 1592955
 1600783
 1608611
 1616438
 1624266
 1632094
 1639922
 1647750
 1655577
 1663405
 1671233
 1679061
 1686888
 1694716
 1702544
 1710372
 1718200
 1726027
 1733855
 1741683
 1749511
 1757339
 1765166
 1772994
 1780822
 1788650
 1796477
 1804305
 1812133
 1819961
 1827789
 1835616
 1843444
 1851272
 1859100
 1866928
 1874755
 1882583
 1890411
 1898239
 1906067
 1913894
 1921722
 1929550
 1937378
 1945205
 1953033
 1960861
 1968689
 1976517
 1984344
 1992172
 2000000
 2062500
 2125000
 2187500
 2250000
 2312500
 2375000
 2437500
 2500000
 2562500
 2625000
 2687500
 2750000
 2812500
 2875000
 2937500
 3000000
 3062500
 3125000
 3187500
 3250000
 3312500
 3375000
 3437500
 3500000
 3562500
 3625000
 3687500
 3750000
 3812500
 3875000
 3937500
 4000000
 4062500
 4125000
 4187500
 4250000
 4312500
 4375000
 4437500
 4500000
 4562500
 4625000
 4687500
 4750000
 4812500
 4875000
 4937500
 5000000
 5062500
 5125000
 5187500
 5250000
 5312500
 5375000
 5437500
 5500000
 5562500
 5625000
 5687500
 5750000
 5812500
 5875000
 5937500
 6000000
 6062500
 6125000
 6187500
 6250000
 6312500
 6375000
 6437500
 6500000
 6562500
 6625000
 6687500
 6750000
 6812500
 6875000
 6937500
 7000000
 7062500
 7125000
 7187500
 7250000
 7312500
 7375000
 7437500
 7500000
 7562500
 7625000
 7687500
 7750000
 7812500
 7875000
 7937500
 8000000
 8062500
 8125000
 8187500
 8250000
 8312500
 8375000
 8437500
 8500000
 8562500
 8625000
 8687500
 8750000
 8812500
 8875000
 8937500
 9000000
 9062500
 9125000
 9187500
 9250000
 9312500
 9375000
 9437500
 9500000
 9562500
 9625000
 9687500
 9750000
 9812500
 9875000
 9937500
10000000
10062500
10125000
10187500
10250000
10312500
10375000
10437500
10500000
10562500
10625000
10687500
10750000
10812500
10875000
10937500
11000000
11062500
11125000
11187500
11250000
11312500
11375000
11437500
11500000
11562500
11625000
11687500
11750000
11812500
11875000
11937500
12000000
12062500
12125000
12187500
12250000
12312500
12375000
12437500
12500000
12562500
12625000
12687500
12750000
12812500
12875000
12937500
13000000
13062500
13125000
13187500
13250000
13312500
13375000
13437500
13500000
13562500
13625000
13687500
13750000
13812500
13875000
13937500
14000000
14062500
14125000
14187500
14250000
14312500
14375000
14437500
14500000
14562500
14625000
14687500
14750000
14812500
14875000
14937500
15000000
15062500
15125000
15187500
15250000
15312500
15375000
15437500
15500000
15562500
15625000
15687500
15750000
15812500
15875000
15937500
16000000
16062500
16125000
16187500
16250000
16312500
16375000
16437500
16500000
16562500
16625000
16687500
16750000
16812500
16875000
16937500
17000000
17062500
17125000
17187500
17250000
17312500
17375000
17437500
17500000
17562500
17625000
17687500
17750000
17812500
17875000
17937500
18000000
